4 0.47949200000000003 0.7134505 0.33007800000000004 0.385965
0 0.06640599999999999 0.2119885 0.13281199999999999 0.11111100000000002
0 0.075195 0.2850875 0.142578 0.131579
0 0.29199200000000003 0.42836250000000003 0.4375 0.4444450000000001
0 0.7788085 0.6805555000000001 0.44042900000000007 0.6330410000000001
0 0.6694335 0.416667 0.2041010000000001 0.21929800000000005
0 0.88916 0.3874265 0.21972599999999998 0.37134500000000004
2 0.07519549999999998 0.2850875 0.144531 0.11695900000000001
2 0.29101550000000004 0.43201750000000005 0.42968700000000004 0.43713500000000005
2 0.7792965000000001 0.6622804999999999 0.439453 0.672515
2 0.667969 0.416667 0.20507799999999998 0.21929800000000005
2 0.889648 0.370614 0.21875 0.3347959999999999
