4 0.568125 0.524299 0.053749999999999964 0.26728999999999997
4 0.608125 0.471028 0.028750000000000053 0.16074800000000006
4 0.660625 0.4785045 0.08374999999999999 0.216823
4 0.72375 0.535514 0.14749999999999996 0.32336400000000004
4 0.8574999999999999 0.5663555 0.20000000000000007 0.456075
4 0.96875 0.5046729999999999 0.06000000000000005 0.306542
3 0.291875 0.485047 0.07374999999999998 0.11027999999999999
3 0.34062499999999996 0.47757 0.07124999999999998 0.11401800000000006
3 0.3725 0.48598150000000007 0.05500000000000005 0.10467300000000007
3 0.4 0.442056 0.027500000000000024 0.07289800000000002
