4 0.62757 0.9 0.236448 0.16625
4 0.0345795 0.7015625000000001 0.069159 0.12687499999999996
4 0.11168200000000002 0.8621875 0.197196 0.23187500000000005
4 0.29158850000000003 0.2590625 0.046729000000000076 0.040624999999999994
4 0.3799065 0.436875 0.088785 0.07874999999999999
4 0.4411215 0.725625 0.14018699999999995 0.18125000000000002
4 0.6350465000000001 0.674375 0.11495299999999997 0.14374999999999993
4 0.688785 0.5728125 0.04859800000000003 0.05312499999999998
4 0.8640185 0.9684375000000001 0.21401900000000007 0.06187500000000001
4 0.904673 0.5903125 0.14766400000000002 0.09562500000000007
4 0.9200929999999999 0.8425 0.15794400000000008 0.18625000000000003
3 0.149065 0.448125 0.219626 0.13000000000000006
3 0.635514 0.320625 0.7271019999999999 0.41875
