4 0.5384375 0.686963 0.584375 0.5511320000000001
4 0.015625 0.5199065 0.03125 0.09836099999999998
4 0.06625 0.496487 0.095 0.0968
4 0.174375 0.513661 0.245 0.19984399999999997
4 0.39749999999999996 0.5686964999999999 0.31375 0.26463699999999996
4 0.3903125 0.4773615 0.12937500000000002 0.127245
4 0.5778125000000001 0.4765805000000001 0.08562499999999995 0.07728300000000005
4 0.6925 0.6065575 0.3125 0.1857930000000001
4 0.6559375 0.47072600000000003 0.181875 0.12021800000000005
3 0.605625 0.4363775 0.2925 0.12334099999999992
3 0.88625 0.5179545 0.22625000000000006 0.22872700000000007
