4 0.1253125 0.1654165 0.250625 0.330833
4 0.4796875 0.59375 0.959375 0.5341659999999999
4 0.2675 0.13125 0.1675 0.2625
4 0.3228125 0.0529165 0.05437499999999995 0.105833
4 0.34750000000000003 0.0458335 0.04375000000000001 0.091667
4 0.5671875 0.385 0.4331249999999999 0.26166599999999995
4 0.4934375 0.1345835 0.203125 0.269167
4 0.6168750000000001 0.1279165 0.04749999999999999 0.059167
4 0.638125 0.164167 0.06625000000000003 0.09000000000000001
4 0.676875 0.2179165 0.06624999999999992 0.07916700000000002
4 0.8984375 0.6733335 0.20187500000000003 0.311667
4 0.935625 0.5225 0.11375000000000002 0.10333399999999998
