5 0.045703 0.6947425 0.091406 0.2757510000000001
5 0.14101550000000002 0.4425965 0.135157 0.09334699999999996
5 0.216406 0.6695275 0.28125 0.25321899999999997
5 0.382422 0.44045049999999997 0.12109399999999992 0.09763899999999998
5 0.507422 0.7355149999999999 0.33515600000000006 0.30364800000000003
5 0.601172 0.443133 0.12265599999999999 0.09227399999999997
5 0.6027345 0.379292 0.02421899999999999 0.035407999999999995
3 0.1421875 0.5354075 0.054686999999999986 0.03862700000000008
3 0.173437 0.5128755 0.04374999999999998 0.040773000000000004
3 0.2859375 0.8798285 0.14843699999999996 0.12875499999999995
3 0.251172 0.48712449999999996 0.044532000000000016 0.04077299999999995
3 0.384766 0.9442060000000001 0.20390599999999992 0.10944199999999993
3 0.5453125 0.9570815 0.15781299999999993 0.08369099999999996
3 0.742969 0.794528 0.15000000000000002 0.09763999999999995
3 0.7875000000000001 0.9055795 0.21562400000000015 0.180257
3 0.8855469999999999 0.44796099999999994 0.05546799999999996 0.026824000000000014
