3 0.27762050000000005 0.7596875000000001 0.34938700000000006 0.114375
3 0.023607 0.7246874999999999 0.047214 0.03937500000000005
3 0.0410765 0.72875 0.074599 0.02750000000000008
3 0.19971650000000002 0.7296875 0.12936700000000004 0.03937500000000005
3 0.470255 0.72375 0.07743199999999995 0.03374999999999995
3 0.5812085 0.733125 0.13503299999999996 0.06000000000000005
3 0.681775 0.724375 0.071766 0.03249999999999997
3 0.726629 0.7134375 0.03871599999999997 0.024374999999999925
3 0.8545799999999999 0.8640625 0.288952 0.270625
3 0.777148 0.7221875 0.07176600000000011 0.04437500000000005
3 0.9126535 0.7321875 0.17280499999999988 0.08937499999999998
3 0.8413600000000001 0.7084375 0.01322000000000012 0.013124999999999942
3 0.8503305 0.7065625 0.010386999999999924 0.016874999999999973
