5 0.0441295 0.6804125000000001 0.039401 0.05040100000000003
5 0.1434205 0.6878580000000001 0.10717099999999999 0.088202
5 0.2596535 0.6970215 0.10480700000000004 0.08591099999999996
5 0.3305755 0.7863685 0.182033 0.12027499999999991
5 0.5933805000000001 0.870561 0.26477500000000004 0.17411200000000004
5 0.8278169999999999 0.770332 0.22300999999999993 0.09736599999999995
5 0.866824 0.8768615 0.21749399999999997 0.14547500000000002
3 0.0421595 0.7577320000000001 0.040188999999999996 0.05154599999999998
3 0.11071700000000001 0.9547540000000001 0.06855800000000001 0.06529200000000002
3 0.107959 0.753723 0.05043399999999999 0.04352800000000001
3 0.1473605 0.7697595 0.036249 0.05269100000000004
3 0.186761 0.7961055 0.06619399999999998 0.04123699999999997
3 0.20922 0.7663230000000001 0.04964599999999997 0.05956400000000006
3 0.428684 0.8837345000000001 0.09771399999999997 0.06758300000000006
