3 0.37093750000000003 0.48875 0.13937499999999997 0.1975
5 0.32 0.265833 0.053749999999999964 0.11499999999999999
5 0.420625 0.241667 0.05124999999999996 0.06
5 0.7984375 0.4925 0.401875 0.8949999999999999
3 0.3459375 0.781667 0.284375 0.3999999999999999
3 0.2528125 0.3683335 0.07437499999999997 0.06833300000000003
3 0.3509375 0.3625 0.06437500000000002 0.05333399999999999
3 0.385 0.28125 0.08124999999999999 0.08750000000000002
3 0.495 0.45208349999999997 0.11749999999999994 0.19083299999999997
3 0.594375 0.38749999999999996 0.03249999999999997 0.044999999999999984
