4 0.5559375 0.5542054999999999 0.17562500000000003 0.28971899999999995
4 0.01375 0.4635515 0.0275 0.08598100000000009
4 0.048125 0.49719649999999993 0.06125 0.13457899999999995
4 0.08249999999999999 0.4794395 0.039999999999999994 0.10467300000000007
4 0.111875 0.46121499999999993 0.03499999999999999 0.10000000000000003
4 0.1359375 0.448131 0.013124999999999998 0.058877999999999986
4 0.18593749999999998 0.503738 0.071875 0.22616799999999998
4 0.1678125 0.45 0.033125000000000016 0.10560800000000004
4 0.479375 0.51729 0.06374999999999997 0.18971999999999994
4 0.6287499999999999 0.48271 0.06500000000000006 0.184112
3 0.3609375 0.4341125 0.02437499999999998 0.027103000000000044
3 0.6546875 0.4121495 0.07062499999999994 0.07850500000000005
