3 0.06125 0.62375 0.1175 0.08250000000000002
3 0.13375 0.6220835 0.15875 0.08583300000000005
3 0.22125 0.61375 0.04125000000000001 0.0625
3 0.7453125 0.6491665 0.08812500000000001 0.14333299999999993
3 0.7253125 0.5720835 0.04562500000000003 0.02083299999999999
3 0.8128124999999999 0.609167 0.21687500000000004 0.11499999999999999
3 0.75625 0.5758335000000001 0.030000000000000027 0.031667
3 0.7778125 0.5904165 0.05437500000000006 0.07083299999999992
3 0.8446875 0.5991664999999999 0.09062500000000007 0.10166700000000006
3 0.8875 0.5991664999999999 0.026249999999999996 0.10166700000000006
3 0.959375 0.5775 0.07000000000000006 0.040000000000000036
3 0.950625 0.586667 0.03375000000000006 0.04999999999999993
