4 0.4009065 0.8632815 0.29015500000000005 0.24414100000000005
4 0.0806345 0.7978514999999999 0.157383 0.2324210000000001
3 0.07739650000000001 0.687988 0.15479300000000001 0.14941399999999994
3 0.091645 0.6430665 0.159974 0.12207099999999993
3 0.3390545 0.6176755 0.11463699999999999 0.08496100000000006
3 0.42519399999999996 0.60791 0.08614000000000005 0.06933599999999995
3 0.477008 0.599121 0.05116599999999999 0.05957000000000012
3 0.650583 0.6069335 0.09650200000000009 0.094727
3 0.703368 0.5766605 0.02201999999999993 0.022460999999999953
3 0.730894 0.5864259999999999 0.051166000000000045 0.06542999999999999
