3 0.829375 0.233972 0.29500000000000004 0.29642
4 0.5275 0.509575 0.9375 0.771024
4 0.20500000000000002 0.38467949999999995 0.27 0.46461299999999994
3 0.010625 0.182348 0.02125 0.09825199999999998
3 0.069375 0.1090755 0.08625000000000001 0.079933
3 0.1825 0.17110749999999997 0.26375000000000004 0.16902499999999995
3 0.5353125 0.23188999999999999 0.47562499999999996 0.377186
3 0.448125 0.0745215 0.27249999999999996 0.124063
3 0.90625 0.1111575 0.18625000000000003 0.124063
3 0.954375 0.383847 0.08999999999999997 0.25312199999999996
