4 0.0121875 0.189167 0.024375 0.06
4 0.14 0.38916649999999997 0.28 0.266667
4 0.1509375 0.30291650000000003 0.301875 0.284167
4 0.2128125 0.518333 0.425625 0.625
4 0.1603125 0.18291649999999998 0.05437500000000001 0.020833000000000018
4 0.2584375 0.1875 0.05937500000000001 0.066666
4 0.7878125 0.7770835 0.423125 0.444167
4 0.6303125 0.21999999999999997 0.0568749999999999 0.06666599999999998
4 0.714375 0.2254165 0.10749999999999993 0.13916699999999999
4 0.8106249999999999 0.22708299999999998 0.10124999999999995 0.0875
4 0.9034375 0.265 0.13187499999999996 0.205
4 0.9771875 0.338333 0.04437500000000005 0.245
