0 0.6083985 0.6347659999999999 0.580079 0.652344
3 0.286621 0.130208 0.18652399999999997 0.119792
0 0.04541 0.123047 0.09082 0.123698
0 0.2260745 0.0957035 0.15722700000000003 0.07682300000000002
0 0.28808599999999995 0.1471355 0.20117199999999996 0.119791
0 0.49121099999999995 0.1276045 0.18945399999999996 0.11197900000000001
0 0.710449 0.058594 0.204102 0.054688
0 0.7363284999999999 0.1542965 0.22070299999999987 0.11067699999999998
0 0.8442385 0.13476549999999998 0.11621100000000006 0.10546900000000001
3 0.6416015 0.6380205 0.615235 0.674479
3 0.8227535 0.127604 0.10253899999999994 0.09375
3 0.90332 0.955078 0.16015599999999997 0.08723999999999998
