3 0.1975 0.3101945 0.22250000000000003 0.15242699999999998
4 0.24625000000000002 0.5723305000000001 0.45875 0.6941750000000001
4 0.5384375 0.5174759999999999 0.22937499999999994 0.47767
4 0.674375 0.45145599999999997 0.16249999999999998 0.415534
4 0.7684375 0.42233 0.12812500000000004 0.34174799999999994
4 0.8578125 0.371359 0.12812500000000004 0.26893199999999995
4 0.9215625000000001 0.35485449999999996 0.073125 0.1873789999999999
4 0.930625 0.3082525 0.04249999999999998 0.11747499999999997
3 0.083125 0.30922299999999997 0.16625 0.17766999999999997
3 0.8903125000000001 0.3349515 0.218125 0.157281
