4 0.891875 0.53904 0.14625 0.317968
4 0.16499999999999998 0.29586100000000004 0.013750000000000012 0.023517999999999983
4 0.1846875 0.292098 0.023125000000000007 0.03104399999999996
4 0.2190625 0.2831605 0.024375000000000008 0.02445900000000001
4 0.2240625 0.332079 0.02437499999999998 0.058326000000000044
4 0.44906250000000003 0.426152 0.184375 0.16933199999999998
4 0.5240625 0.2855125 0.015625 0.042332999999999954
4 0.5396875000000001 0.3071495 0.020625000000000004 0.05738500000000002
4 0.565 0.329257 0.032500000000000084 0.071496
4 0.6028125 0.285983 0.021874999999999978 0.054562
4 0.745625 0.41204150000000006 0.09750000000000003 0.174977
