4 0.23062500000000002 0.666204 0.09 0.15462999999999993
3 0.7925 0.563889 0.1825 0.12963000000000008
4 0.419375 0.6703705 0.08374999999999999 0.20555499999999993
4 0.4675 0.6240745 0.07125000000000004 0.088889
4 0.5084375 0.6986110000000001 0.12062499999999998 0.19351799999999997
4 0.59625 0.6972225 0.14 0.212963
4 0.72875 0.7074075 0.1925 0.21851900000000013
4 0.85625 0.761574 0.16249999999999998 0.17500000000000004
3 0.104375 0.5842594999999999 0.20875 0.14444500000000005
3 0.398125 0.485185 0.01375000000000004 0.02777799999999997
3 0.5240625 0.5662039999999999 0.171875 0.12314799999999992
3 0.59625 0.5074075 0.061249999999999916 0.06851900000000005
3 0.6984375 0.548611 0.12312500000000004 0.125
