3 0.1396875 0.733302 0.279375 0.181562
3 0.1209375 0.648636 0.234375 0.08936999999999995
3 0.435 0.69191 0.77375 0.4995300000000001
3 0.125 0.5065855 0.05249999999999999 0.02916300000000005
3 0.2496875 0.6030105 0.130625 0.07525899999999996
3 0.2425 0.5084665 0.057499999999999996 0.04045100000000007
3 0.3503125 0.66651 0.19812500000000005 0.110066
3 0.303125 0.5145815 0.05249999999999999 0.03198499999999993
3 0.35875 0.586077 0.14875 0.06396999999999997
3 0.48687499999999995 0.7224835000000001 0.24874999999999997 0.15239900000000006
3 0.474375 0.5724365 0.09624999999999995 0.063029
3 0.51375 0.620884 0.14625000000000005 0.071496
3 0.5809375 0.6119475 0.08812500000000001 0.08560699999999999
3 0.6287499999999999 0.6740360000000001 0.15374999999999994 0.11570999999999987
3 0.64375 0.5809030000000001 0.0625 0.05362200000000006
3 0.6859375 0.5686734999999999 0.034375000000000044 0.040451000000000015
3 0.72125 0.6368765 0.1050000000000001 0.09595500000000001
3 0.71875 0.5649105000000001 0.0462499999999999 0.040450999999999904
3 0.7896875 0.593603 0.06562500000000004 0.09407399999999999
