4 0.894375 0.635833 0.16874999999999996 0.18999999999999995
4 0.0453125 0.53625 0.029375 0.0625
4 0.13718750000000002 0.526667 0.05812500000000001 0.06
4 0.1803125 0.54625 0.05187499999999998 0.124166
4 0.2421875 0.567917 0.06187500000000001 0.12250000000000005
4 0.3359375 0.5700000000000001 0.09687500000000004 0.14666600000000002
4 0.4340625 0.5904165 0.111875 0.12916700000000003
4 0.5487500000000001 0.6195835000000001 0.11750000000000005 0.11916699999999991
4 0.6425000000000001 0.5929165 0.12124999999999997 0.12083299999999997
4 0.986875 0.634167 0.025000000000000022 0.20999999999999996
