4 0.091875 0.48780500000000004 0.18375 0.45403400000000005
4 0.1325 0.2138835 0.07750000000000001 0.165103
4 0.25187499999999996 0.413696 0.25375 0.429644
4 0.24875 0.29080700000000004 0.22749999999999998 0.22138799999999997
4 0.38749999999999996 0.39774899999999996 0.11249999999999999 0.24014999999999997
4 0.4175 0.20075 0.034999999999999976 0.10881800000000003
4 0.630625 0.38555300000000003 0.2437499999999999 0.3696060000000001
4 0.631875 0.23639749999999998 0.10875000000000001 0.161351
4 0.83 0.4493435 0.135 0.212007
4 0.911875 0.393058 0.17375000000000007 0.24202600000000007
4 0.9575 0.2767355 0.07499999999999996 0.12195100000000006
3 0.925 0.12101300000000001 0.05999999999999994 0.06566600000000002
