3 0.8765624999999999 0.9071294999999999 0.166875 0.1669790000000001
3 0.02625 0.8231710000000001 0.0525 0.35178200000000015
3 0.05625 0.6172610000000001 0.1125 0.08255199999999996
3 0.2065625 0.646341 0.17312500000000003 0.10881799999999997
3 0.36343749999999997 0.7532835 0.07187499999999997 0.07692299999999996
3 0.38875000000000004 0.6388370000000001 0.044999999999999984 0.060037999999999925
3 0.5359375 0.7654785 0.17812499999999998 0.14821700000000015
3 0.54125 0.6444655 0.14999999999999997 0.07504700000000009
3 0.7609375 0.8672610000000001 0.39437500000000003 0.2636020000000001
3 0.6846875 0.6937145 0.06562500000000004 0.053471000000000046
3 0.729375 0.6557225 0.11874999999999991 0.060036999999999896
3 0.98375 0.826923 0.03125 0.094746
