0 0.39249999999999996 0.655253 0.10249999999999998 0.21857400000000005
0 0.2025 0.24249549999999997 0.06875 0.030956999999999985
0 0.7478125 0.175891 0.02937499999999993 0.04596600000000001
0 0.7984374999999999 0.44230800000000003 0.030625000000000013 0.06472800000000006
0 0.84125 0.44652949999999997 0.04999999999999993 0.07504699999999997
0 0.845 0.378518 0.030000000000000027 0.04033800000000004
0 0.8803125 0.29315199999999997 0.03312499999999996 0.057224
3 0.6459375 0.4498125 0.024374999999999925 0.030957000000000012
3 0.6696875 0.4713885 0.023125000000000062 0.029081000000000023
3 0.698125 0.322702 0.014999999999999902 0.022514000000000034
3 0.719375 0.2697 0.013749999999999929 0.01782399999999995
