4 0.504375 0.804054 0.11874999999999997 0.3030879999999999
4 0.0375 0.828185 0.075 0.2779919999999999
4 0.05 0.679537 0.0975 0.31660200000000005
4 0.11375 0.6370655000000001 0.155 0.15057900000000002
4 0.18875 0.804054 0.23500000000000004 0.3030879999999999
4 0.31 0.7779925 0.135 0.33590699999999996
4 0.335625 0.618726 0.053749999999999964 0.08687200000000006
4 0.40875 0.818533 0.14249999999999996 0.2702700000000001
4 0.445 0.6032820000000001 0.07250000000000001 0.12162200000000001
4 0.53 0.6206564999999999 0.07999999999999996 0.10617699999999985
4 0.635 0.5849425 0.050000000000000044 0.135135
3 0.779375 0.742278 0.43875 0.3841699999999999
