3 0.1528125 0.668333 0.164375 0.09499999999999997
3 0.2359375 0.6654165000000001 0.010624999999999996 0.07416699999999998
3 0.2515625 0.6695835 0.021875000000000006 0.035833000000000004
3 0.390625 0.6425000000000001 0.006249999999999978 0.008333999999999953
3 0.3996875 0.6441665 0.00687500000000002 0.01333300000000004
3 0.405 0.645 0.0012500000000000289 0.0050000000000000044
3 0.4125 0.6475 0.011250000000000038 0.01666599999999996
3 0.4871875 0.6479165 0.030624999999999958 0.02083299999999999
3 0.5225 0.6433335 0.02749999999999997 0.021667000000000103
3 0.6915625000000001 0.6837500000000001 0.10562499999999997 0.07083399999999995
3 0.8400000000000001 0.7058335 0.19374999999999998 0.098333
3 0.984375 0.7124999999999999 0.030000000000000027 0.15000000000000002
