5 0.195 0.630394 0.29000000000000004 0.472796
5 0.45375 0.47420249999999997 0.04625000000000001 0.05347099999999999
5 0.5225 0.47420249999999997 0.06 0.03470899999999999
5 0.5696875 0.46200749999999996 0.024375000000000036 0.032833
3 0.39749999999999996 0.7077865000000001 0.1225 0.18667899999999993
3 0.35343749999999996 0.525797 0.02437499999999998 0.042213999999999974
3 0.35 0.5605070000000001 0.014999999999999958 0.06472800000000001
3 0.385 0.5356475 0.05125000000000002 0.05628500000000003
3 0.4071875 0.5079735 0.02562500000000001 0.032832999999999946
3 0.4553125 0.5028144999999999 0.02562500000000001 0.030018999999999907
3 0.4915625 0.4962475 0.024375000000000036 0.016884999999999928
3 0.5415625 0.5028140000000001 0.016875000000000084 0.02626600000000001
3 0.5840625 0.5 0.014375000000000027 0.024389999999999912
3 0.6375 0.6477485000000001 0.09875 0.11538499999999996
