3 0.7381249999999999 0.6104165 0.30625 0.14083299999999999
3 0.0334375 0.5295835 0.066875 0.06916699999999998
3 0.13906249999999998 0.48291700000000004 0.103125 0.017500000000000016
3 0.168125 0.525 0.08374999999999999 0.050000000000000044
3 0.166875 0.4916665 0.0325 0.016666999999999987
3 0.2178125 0.5341670000000001 0.09062500000000001 0.04999999999999993
3 0.208125 0.4979165 0.037500000000000006 0.019166999999999934
3 0.2940625 0.5916665 0.204375 0.17166700000000001
3 0.26 0.537917 0.12749999999999997 0.07250000000000001
3 0.301875 0.49375 0.04625000000000001 0.02083400000000002
3 0.395625 0.5529165 0.14375000000000004 0.09083300000000005
3 0.35531250000000003 0.4866665 0.019374999999999976 0.016666999999999987
3 0.374375 0.49166699999999997 0.03125 0.019999999999999962
3 0.511875 0.48583350000000003 0.011249999999999982 0.011667000000000038
3 0.6815625 0.487917 0.046875 0.02749999999999997
3 0.7196875 0.49125 0.03187499999999999 0.025834000000000024
3 0.7481249999999999 0.48541650000000003 0.03500000000000003 0.029167
3 0.8234375 0.48624999999999996 0.02937500000000004 0.027500000000000024
3 0.911875 0.48708300000000004 0.03875000000000006 0.03250000000000003
3 0.94125 0.49041650000000003 0.030000000000000027 0.029167
3 0.9762500000000001 0.48958349999999995 0.04625000000000001 0.034167
