4 0.5740624999999999 0.7558335 0.219375 0.19833299999999998
4 0.7021875 0.6108335 0.09562499999999996 0.10666699999999996
4 0.7078125 0.5983335000000001 0.09562499999999996 0.10166700000000006
4 0.7715625 0.5554165 0.016874999999999973 0.025832999999999995
4 0.7828125 0.5554165 0.014375000000000027 0.019166999999999934
3 0.0990625 0.7241664999999999 0.198125 0.40333300000000005
3 0.215625 0.5825 0.15874999999999997 0.09999999999999998
3 0.3671875 0.6499999999999999 0.27937499999999993 0.17166599999999999
3 0.486875 0.5604165000000001 0.03500000000000003 0.04083300000000001
3 0.5384375 0.5662499999999999 0.09437499999999993 0.07750000000000001
