3 0.0209375 0.8358335 0.041875 0.10666700000000007
3 0.030625 0.6316665 0.06125 0.10166699999999995
3 0.1225 0.34958350000000005 0.20500000000000002 0.13916699999999999
3 0.12125 0.6525000000000001 0.1975 0.14333399999999996
3 0.1271875 0.0679165 0.209375 0.124167
3 0.0734375 0.21 0.09937499999999999 0.056665999999999994
3 0.1134375 0.495833 0.166875 0.15000000000000002
3 0.159375 0.8629165 0.20875 0.18083300000000002
3 0.13624999999999998 0.20541700000000002 0.08499999999999999 0.037500000000000006
3 0.17031249999999998 0.3058335 0.084375 0.05166699999999996
3 0.1896875 0.0375 0.11812500000000001 0.075
3 0.18312499999999998 0.20541700000000002 0.07375000000000001 0.037500000000000006
3 0.3359375 0.08583350000000001 0.135625 0.098333
3 0.3040625 0.1875 0.06687500000000002 0.03999999999999998
3 0.3515625 0.2029165 0.10062499999999996 0.064167
3 0.4821875 0.86625 0.25062500000000004 0.22250000000000003
3 0.42093749999999996 0.060417 0.12062500000000004 0.07749999999999999
3 0.428125 0.22833350000000002 0.11374999999999996 0.10333300000000001
3 0.513125 0.49833350000000004 0.23000000000000004 0.11333300000000002
3 0.5346875 0.056666499999999995 0.055625000000000036 0.036667
3 0.621875 0.0841665 0.19874999999999998 0.091667
3 0.62375 0.209167 0.18500000000000005 0.145
3 0.8309375 0.852917 0.2818750000000001 0.22750000000000004
3 0.7740625 0.6045835 0.046875 0.025832999999999995
3 0.854375 0.667917 0.18375000000000008 0.11250000000000004
3 0.8296875 0.218333 0.13187499999999996 0.095
3 0.8678125 0.5070835 0.20062500000000005 0.144167
3 0.8206249999999999 0.345 0.09249999999999992 0.05833400000000005
3 0.8715625 0.07208350000000001 0.171875 0.139167
3 0.900625 0.36041650000000003 0.1499999999999999 0.08583299999999999
3 0.9178125 0.47250000000000003 0.16312499999999996 0.10333400000000004
3 0.91625 0.6525000000000001 0.13375000000000004 0.05999999999999994
3 0.9221874999999999 0.1954165 0.13312500000000005 0.069167
3 0.9393750000000001 0.76875 0.11124999999999996 0.06583400000000006
3 0.959375 0.6275 0.07374999999999998 0.05166599999999999
3 0.974375 0.324167 0.04875000000000007 0.05499999999999999
