4 0.8925000000000001 0.4370835 0.2025 0.14416700000000005
3 0.49875 0.5729165 0.835 0.33083300000000004
4 0.36875 0.3725 0.04375000000000001 0.05166599999999999
4 0.445625 0.3725 0.06625000000000003 0.061666
4 0.4928125 0.36541650000000003 0.05187500000000006 0.07583299999999998
4 0.5534375 0.36541650000000003 0.06687500000000002 0.07583299999999998
4 0.610625 0.37 0.04125000000000001 0.063334
4 0.691875 0.36041650000000003 0.03875000000000006 0.06916700000000003
4 0.7581249999999999 0.37625 0.07124999999999992 0.069166
3 0.0275 0.4754165 0.055 0.08916700000000005
3 0.0703125 0.4345835 0.140625 0.12916700000000003
3 0.109375 0.42125 0.19624999999999998 0.129166
3 0.2128125 0.419167 0.17062499999999997 0.10499999999999998
3 0.713125 0.4925 0.43249999999999994 0.15166599999999997
