5 0.3275 0.7508334999999999 0.15250000000000002 0.19666700000000004
5 0.4446875 0.5945830000000001 0.05312499999999998 0.07750000000000001
5 0.464375 0.6704165 0.08000000000000002 0.12916700000000003
5 0.49906249999999996 0.5741665 0.05812499999999998 0.06333299999999997
5 0.5353125000000001 0.507917 0.01937500000000003 0.03749999999999998
5 0.5725 0.5283329999999999 0.03499999999999992 0.04500000000000004
5 0.5696874999999999 0.48291649999999997 0.021874999999999978 0.025832999999999995
5 0.5915625 0.5020830000000001 0.01937499999999992 0.02250000000000002
5 0.6053124999999999 0.5458335000000001 0.030625000000000013 0.04166700000000001
5 0.614375 0.576667 0.03875000000000006 0.06500000000000006
5 0.66625 0.6820835000000001 0.08000000000000007 0.1308330000000001
5 0.8128124999999999 0.8975 0.27812500000000007 0.20333400000000001
3 0.9084375 0.725 0.05687500000000001 0.050000000000000044
3 0.9234374999999999 0.6699999999999999 0.05062500000000003 0.046665999999999985
