0 0.3284375 0.6333335 0.13687499999999997 0.11833300000000002
3 0.0125 0.61875 0.025 0.030834000000000028
3 0.0346875 0.6195835000000001 0.029375000000000002 0.03916700000000006
3 0.1146875 0.6120829999999999 0.05062500000000002 0.03749999999999998
3 0.156875 0.6133335 0.08499999999999999 0.05166700000000002
3 0.4046875 0.6075 0.044375 0.063334
3 0.548125 0.6208335 0.23250000000000004 0.10666699999999996
3 0.701875 0.6095835000000001 0.06999999999999995 0.08416699999999999
3 0.7915625 0.5629165 0.02937500000000004 0.025832999999999995
3 0.8303125 0.579167 0.07062499999999994 0.04499999999999993
