3 0.1665625 0.4038465 0.333125 0.25046900000000005
3 0.1196875 0.30769199999999997 0.116875 0.06379000000000001
3 0.5278125 0.5961540000000001 0.8456250000000001 0.58818
3 0.19375 0.3072235 0.04749999999999999 0.034709000000000045
3 0.7778125 0.4019695 0.443125 0.184803
3 0.6096874999999999 0.28846150000000004 0.03312499999999996 0.017822999999999978
3 0.6415625 0.28752350000000004 0.030625000000000013 0.014071
3 0.723125 0.303002 0.08875 0.028142
3 0.8831249999999999 0.29643549999999996 0.011250000000000093 0.007505000000000039
3 0.9121874999999999 0.30394 0.03312499999999996 0.022514000000000034
3 0.951875 0.328799 0.09499999999999997 0.08536600000000005
3 0.9909375 0.291276 0.016874999999999973 0.017824000000000007
