3 0.649375 0.665254 0.4125 0.5056500000000002
3 0.1128125 0.400659 0.03312499999999999 0.03860600000000003
3 0.185 0.4213745 0.03999999999999998 0.032957000000000014
3 0.23625000000000002 0.428908 0.04250000000000001 0.04425599999999996
3 0.28937500000000005 0.4411485 0.04375000000000001 0.04613900000000004
3 0.348125 0.45197750000000003 0.05375000000000002 0.04896500000000009
3 0.365 0.42655350000000003 0.05625000000000002 0.07532900000000003
3 0.41000000000000003 0.462335 0.048750000000000016 0.07344600000000001
3 0.4315625 0.475518 0.06187500000000001 0.09039599999999998
3 0.49968750000000006 0.48587549999999996 0.06937500000000002 0.08097900000000002
