4 0.0196875 0.2824465 0.039375 0.20074699999999998
4 0.11 0.4467785 0.22 0.505135
4 0.0540625 0.2693745 0.078125 0.17086900000000002
4 0.195625 0.373483 0.17125 0.31746
4 0.20125 0.2474325 0.09125 0.141923
4 0.30843750000000003 0.229225 0.06937500000000002 0.13538799999999998
4 0.35562499999999997 0.22362300000000002 0.05124999999999996 0.09430399999999997
4 0.4865625 0.29411750000000003 0.22062500000000007 0.24649899999999997
4 0.6825 0.4729224999999999 0.52 0.501401
4 0.5871875 0.2558355 0.12437500000000001 0.21288500000000005
4 0.6103125 0.232026 0.12687499999999996 0.12605
4 0.6768749999999999 0.2086835 0.057499999999999996 0.11858099999999999
4 0.8565625 0.3440705 0.13312499999999994 0.29598500000000005
4 0.878125 0.30952349999999995 0.10625000000000007 0.19327699999999998
4 0.9003125000000001 0.28851550000000004 0.09437499999999999 0.17740499999999998
4 0.920625 0.27404300000000004 0.05874999999999997 0.210084
