0 0.1065625 0.728893 0.18062499999999998 0.13883599999999996
0 0.038125 0.0933395 0.036250000000000004 0.019699000000000022
0 0.1496875 0.1674485 0.03812500000000002 0.029081000000000023
0 0.17375000000000002 0.1590055 0.05124999999999999 0.02720499999999998
0 0.344375 0.3644465 0.058750000000000024 0.04596699999999998
0 0.42125 0.4577865 0.06125000000000003 0.05628500000000003
0 0.448125 0.39258899999999997 0.09499999999999997 0.09099399999999996
0 0.471875 0.4174485 0.06999999999999995 0.056284999999999974
0 0.5625 0.343809 0.04875000000000007 0.042213999999999974
0 0.6353125 0.0666045 0.05437499999999995 0.03001899999999999
