3 0.090625 0.5216665 0.11000000000000001 0.166667
5 0.3565625 0.505833 0.164375 0.16999999999999993
5 0.9353125 0.4920835 0.12812500000000004 0.11583300000000002
3 0.00875 0.515 0.0175 0.09999999999999992
3 0.2346875 0.5508335 0.10562499999999997 0.10333300000000001
3 0.23750000000000002 0.4820835 0.04375000000000001 0.030833
3 0.26125 0.51125 0.04500000000000001 0.04750000000000004
3 0.4203125 0.49750000000000005 0.050624999999999976 0.065
3 0.494375 0.540833 0.13999999999999996 0.09999999999999992
3 0.6699999999999999 0.52375 0.10875000000000001 0.07583400000000001
3 0.8356250000000001 0.51125 0.07750000000000001 0.059165999999999996
3 0.9840625000000001 0.5320834999999999 0.030625000000000013 0.06583299999999992
