3 0.2903125 0.3067225 0.03812500000000002 0.015873000000000026
3 0.34968750000000004 0.29738600000000004 0.03437499999999999 0.019608000000000014
3 0.4253125 0.2777775 0.03687499999999999 0.023342999999999947
3 0.4753125 0.271242 0.044375 0.017739999999999978
3 0.5228125 0.2563025 0.03687499999999999 0.02894499999999997
3 0.69875 0.2264235 0.04125000000000001 0.015872999999999998
3 0.7378125 0.2119515 0.034375000000000044 0.013071
3 0.7509375 0.356676 0.026874999999999982 0.018674000000000024
3 0.7721875 0.20915 0.028124999999999956 0.01867399999999997
3 0.7834375 0.414099 0.030625000000000013 0.03454799999999997
3 0.8071875 0.436508 0.03187499999999999 0.042016
3 0.8090625 0.3842205 0.020625000000000004 0.036414999999999975
3 0.8353125 0.46451950000000003 0.03937499999999994 0.04761899999999997
3 0.8353124999999999 0.406629 0.03187499999999999 0.03828199999999998
3 0.871875 0.41783349999999997 0.03375000000000006 0.04201700000000003
3 0.88125 0.48926250000000004 0.05249999999999999 0.07096100000000011
3 0.9071875 0.445845 0.02937500000000004 0.043884000000000034
3 0.9365625 0.5298784999999999 0.06812499999999999 0.05882299999999996
3 0.9365625 0.4719885 0.04437499999999994 0.04761899999999997
3 0.9746874999999999 0.5737625 0.04937500000000006 0.0868350000000001
3 0.9862500000000001 0.5074695 0.026249999999999996 0.04201700000000003
