3 0.036719 0.7229165 0.031250000000000014 0.09583299999999995
3 0.07421900000000001 0.7171875 0.075 0.10729100000000003
3 0.1257815 0.7552085 0.103125 0.1395829999999999
3 0.1941405 0.7755209999999999 0.15078100000000003 0.151042
3 0.20742149999999998 0.675521 0.07421900000000001 0.055208000000000035
3 0.279297 0.6953125 0.07109400000000002 0.09270899999999993
3 0.3140625 0.7109375 0.039063000000000014 0.08854099999999998
3 0.3609375 0.703125 0.08593699999999999 0.11041600000000007
3 0.397656 0.721875 0.04843800000000004 0.10416599999999998
3 0.43085949999999995 0.730729 0.04921899999999996 0.10104199999999997
3 0.49453100000000005 0.7125 0.09375 0.14375000000000004
3 0.7535155 0.83125 0.49140700000000004 0.33541600000000005
3 0.6191405 0.703125 0.17265700000000006 0.13541599999999998
