5 0.090649 0.236875 0.144402 0.19125000000000003
5 0.09223949999999999 0.6365624999999999 0.147583 0.188125
5 0.09160299999999999 0.4375 0.142494 0.18250000000000005
5 0.09319349999999998 0.8715625 0.145675 0.18937500000000007
5 0.4971375 0.2346875 0.6418569999999999 0.186875
5 0.4974555 0.6375 0.6412209999999999 0.1925
5 0.49809149999999996 0.8687499999999999 0.636133 0.19125000000000003
5 0.499046 0.43500000000000005 0.6342239999999999 0.18750000000000006
5 0.9017175 0.2334375 0.14949100000000004 0.20187499999999997
5 0.903308 0.43343750000000003 0.14630999999999994 0.19437500000000002
5 0.903308 0.8715625 0.14630999999999994 0.18562499999999993
5 0.904262 0.6384375 0.14058599999999988 0.188125
