4 0.42124999999999996 0.67375 0.6 0.6108340000000001
4 0.1446875 0.300417 0.25062500000000004 0.2275
4 0.21312499999999998 0.2754165 0.20124999999999998 0.18083300000000002
4 0.3415625 0.2554165 0.179375 0.150833
4 0.4346875 0.19874999999999998 0.161875 0.13416599999999998
4 0.475 0.1875 0.12000000000000005 0.11499999999999999
4 0.5090625 0.1691665 0.10562500000000002 0.11666700000000002
4 0.5465625 0.15291649999999998 0.08812500000000001 0.09083299999999998
4 0.5834375 0.1454165 0.08687499999999992 0.089167
4 0.6778124999999999 0.1166665 0.06062500000000004 0.046667000000000014
4 0.8334375 0.0833335 0.015625 0.04166700000000001
4 0.913125 0.655 0.1725 0.688334
4 0.8559375 0.0804165 0.021874999999999978 0.035833000000000004
4 0.9115625 0.159583 0.13312500000000005 0.1225
4 0.9625 0.07875 0.028750000000000053 0.039166000000000006
