4 0.120625 0.2325 0.13749999999999998 0.253334
4 0.5025 0.485417 0.8825 0.6975
4 0.40750000000000003 0.170833 0.20125000000000004 0.155
4 0.523125 0.12000000000000001 0.08374999999999994 0.16
4 0.693125 0.30041700000000005 0.3225 0.44750000000000006
4 0.6234375 0.1866665 0.05437500000000006 0.161667
4 0.671875 0.090417 0.07125000000000004 0.0825
4 0.7371875 0.12708350000000002 0.059374999999999956 0.139167
4 0.8796875 0.437083 0.23687500000000006 0.35250000000000004
3 0.740625 0.079167 0.3125 0.11000000000000001
