0 0.51125 0.5166799999999999 0.86875 0.8792699999999999
3 0.2940625 0.2982525 0.380625 0.383637
3 0.6403125000000001 0.2160445 0.2231249999999999 0.20969100000000002
3 0.6803125000000001 0.666799 0.135625 0.21366200000000002
3 0.7290625 0.44956300000000005 0.2243750000000001 0.19062800000000008
3 0.774375 0.2045275 0.19125000000000003 0.19618700000000006
3 0.8271875 0.589754 0.23687500000000006 0.09610800000000008
3 0.8765624999999999 0.426132 0.08437499999999998 0.11675999999999997
3 0.9021875 0.22160449999999998 0.12187499999999996 0.16521099999999997
3 0.9703125 0.424146 0.05812499999999998 0.08578199999999997
