4 0.545 0.5220835 0.8875 0.635833
4 0.1103125 0.2125 0.220625 0.32166599999999995
4 0.1771875 0.1179165 0.248125 0.175833
4 0.2421875 0.0866665 0.17437499999999997 0.10333299999999998
4 0.4584375 0.12625 0.21687500000000004 0.189166
4 0.4634375 0.065 0.06437499999999996 0.058334000000000004
4 0.6090625000000001 0.12083350000000001 0.14312500000000006 0.151667
4 0.5734375 0.055 0.051875000000000004 0.06166600000000001
4 0.6753125 0.0545835 0.06437500000000007 0.06916699999999999
4 0.80125 0.08 0.09125000000000005 0.098334
4 0.9309375 0.1045835 0.13687499999999997 0.14083299999999999
4 0.9840625000000001 0.1575 0.030625000000000013 0.09499999999999999
