3 0.026250000000000002 0.8100375000000001 0.0475 0.042213000000000056
3 0.070625 0.8147279999999999 0.051250000000000004 0.036585999999999896
3 0.2721875 0.8273919999999999 0.06812500000000002 0.058161999999999936
3 0.304375 0.8119139999999999 0.03749999999999998 0.042213999999999974
3 0.38875000000000004 0.8391185 0.10625000000000001 0.07223299999999999
3 0.383125 0.791276 0.053749999999999964 0.02345200000000003
3 0.40375 0.7945595000000001 0.015000000000000013 0.011256999999999961
3 0.5325 0.822702 0.21125000000000005 0.08630400000000016
3 0.8003125 0.8480300000000001 0.109375 0.07504600000000006
3 0.8890625000000001 0.860225 0.125625 0.08442800000000006
3 0.94625 0.8625704999999999 0.10625000000000007 0.09099500000000005
