0 0.0771875 0.27122650000000004 0.11812500000000001 0.11981100000000003
0 0.0446875 0.154717 0.030625 0.07924600000000001
3 0.2053125 0.311321 0.073125 0.06603800000000004
3 0.22 0.2674525 0.058750000000000024 0.03867899999999999
3 0.48343749999999996 0.2023585 0.029374999999999984 0.033018999999999965
3 0.518125 0.1858495 0.018749999999999933 0.026414999999999966
3 0.5309375 0.203302 0.03687499999999999 0.04622599999999999
3 0.5974999999999999 0.184906 0.02749999999999997 0.028301999999999994
3 0.5975 0.1009435 0.008750000000000036 0.007546999999999998
3 0.6121875000000001 0.17452800000000002 0.020625000000000004 0.018867999999999968
3 0.62 0.105189 0.010000000000000009 0.012263999999999997
3 0.6303125 0.17735850000000003 0.02312499999999995 0.024528999999999995
3 0.641875 0.10707549999999999 0.007499999999999951 0.012264999999999998
3 0.6621874999999999 0.133019 0.010624999999999996 0.013207999999999998
3 0.6634375 0.15 0.008124999999999938 0.009433999999999998
3 0.6775 0.151887 0.015000000000000013 0.009433999999999998
3 0.67625 0.110849 0.007500000000000062 0.01603800000000001
3 0.6821875 0.131132 0.011874999999999969 0.013207999999999998
3 0.683125 0.1150945 0.006249999999999978 0.007546999999999998
3 0.6865625 0.1070755 0.008125000000000049 0.016036999999999996
