0 0.18625 0.6154170000000001 0.15250000000000002 0.1825
0 0.28 0.61875 0.07875000000000001 0.16916599999999993
0 0.311875 0.610417 0.03749999999999998 0.11749999999999994
0 0.33781249999999996 0.5975 0.04812500000000003 0.11499999999999999
0 0.5175 0.630417 0.06374999999999997 0.0774999999999999
0 0.5843750000000001 0.6329165 0.07874999999999999 0.07916699999999999
0 0.651875 0.6258334999999999 0.07125000000000004 0.093333
0 0.6871875000000001 0.6375 0.09562499999999996 0.10999999999999999
0 0.7478125 0.63625 0.10312499999999991 0.13749999999999996
0 0.8106249999999999 0.64625 0.09124999999999994 0.11749999999999994
0 0.8840625 0.644167 0.13812500000000005 0.135
3 0.1328125 0.66 0.14437499999999998 0.15666599999999997
3 0.7221875 0.64625 0.454375 0.134166
