3 0.1628125 0.7891665 0.044375 0.04833299999999996
3 0.2140625 0.754167 0.06937499999999999 0.05500000000000005
3 0.20750000000000002 0.7620834999999999 0.024999999999999994 0.02083299999999999
3 0.2303125 0.7462500000000001 0.018125000000000002 0.01749999999999996
3 0.2365625 0.7745835 0.020625000000000004 0.029166999999999943
3 0.2778125 0.7941665 0.041874999999999996 0.04833299999999996
3 0.2775 0.7987500000000001 0.036250000000000004 0.02749999999999997
3 0.39031249999999995 0.7987500000000001 0.09062500000000001 0.08083399999999996
3 0.46406249999999993 0.80625 0.13937499999999997 0.08250000000000002
3 0.479375 0.79 0.10125 0.05333399999999999
3 0.5446875 0.8141665 0.05437500000000006 0.05166700000000002
3 0.5625 0.8204165 0.08624999999999994 0.07583300000000004
3 0.92625 0.8454165 0.14625 0.14083299999999999
