0 0.28031249999999996 0.5625 0.25937499999999997 0.45333399999999996
0 0.1221875 0.602917 0.08812500000000001 0.08250000000000002
0 0.73125 0.6579165 0.51 0.44083300000000003
3 0.0575 0.6345835 0.0475 0.030833
3 0.4459375 0.5970835 0.021874999999999978 0.019166999999999934
3 0.468125 0.6033335 0.025000000000000022 0.023332999999999937
3 0.48375 0.59375 0.011249999999999982 0.019166000000000016
3 0.510625 0.59375 0.008750000000000036 0.025833999999999913
3 0.6375 0.35625 0.23875000000000002 0.1975
3 0.6871875 0.54125 0.255625 0.21416600000000002
3 0.9396875 0.7133335000000001 0.11937500000000001 0.20666700000000005
