0 0.122188 0.55 0.180982 0.21384599999999987
3 0.8517379999999999 0.786154 0.26380400000000004 0.30769199999999997
0 0.6768915 0.633846 0.28016299999999994 0.26461599999999996
0 0.9314925000000001 0.6015385 0.134969 0.21538500000000005
3 0.302147 0.606923 0.058282000000000056 0.05384600000000006
3 0.330266 0.603077 0.044989999999999974 0.06769199999999986
3 0.3542945 0.5992305 0.04601299999999997 0.06923100000000004
3 0.389571 0.606923 0.020449999999999968 0.05384600000000006
3 0.5117585 0.64 0.06850699999999993 0.09230800000000006
3 0.538855 0.6569229999999999 0.04908000000000001 0.113846
