3 0.10500949999999999 0.814204 0.121387 0.09899600000000008
3 0.1382465 0.7575324999999999 0.11657099999999998 0.05738900000000002
3 0.1970135 0.8134865 0.11271699999999998 0.06599700000000008
3 0.268786 0.7496415000000001 0.057803999999999994 0.05021500000000001
3 0.2991325 0.808465 0.08381500000000003 0.07604000000000011
3 0.404624 0.810617 0.127168 0.1061700000000001
3 0.449422 0.7460549999999999 0.05298599999999998 0.07173599999999991
3 0.49759149999999996 0.8134865 0.114643 0.10043100000000005
3 0.5973025000000001 0.830703 0.09441299999999997 0.10043000000000002
3 0.6050095 0.7381635 0.048168999999999906 0.06169300000000011
3 0.7042390000000001 0.8450504999999999 0.11175400000000002 0.137733
3 0.6777455 0.7360114999999999 0.043352999999999975 0.06886700000000001
3 0.7447015 0.7266855000000001 0.055876999999999954 0.07317099999999999
3 0.8309250000000001 0.8680055 0.11079000000000006 0.16068900000000008
3 0.811657 0.7381635 0.07032799999999995 0.08464899999999997
3 0.881021 0.7410329999999999 0.07032800000000006 0.07891000000000004
3 0.957129 0.8751789999999999 0.07225399999999982 0.16355799999999998
