3 0.849375 0.7054155 0.28125 0.14845900000000012
3 0.0903125 0.707283 0.180625 0.19701199999999996
3 0.0940625 0.626984 0.023124999999999993 0.04015000000000002
3 0.2653125 0.681606 0.33562499999999995 0.14565800000000007
3 0.1765625 0.643791 0.05812500000000001 0.023341999999999974
3 0.4275 0.6643319999999999 0.03749999999999998 0.03828200000000004
3 0.47375 0.6633985 0.04749999999999999 0.036415000000000086
3 0.5015625 0.6662 0.02562500000000001 0.03828199999999993
3 0.5671875 0.6699345 0.13437500000000002 0.04201699999999997
3 0.9765625 0.6526609999999999 0.04562500000000003 0.02987799999999996
3 0.995625 0.661998 0.007500000000000062 0.01867400000000008
