3 0.0746875 0.6753125 0.149375 0.290625
3 0.075 0.5453125 0.06 0.04437500000000005
3 0.129375 0.550625 0.08 0.05125000000000002
3 0.17625000000000002 0.5471874999999999 0.05124999999999999 0.04062500000000002
3 0.2190625 0.5462499999999999 0.03437499999999999 0.036250000000000004
3 0.25093750000000004 0.54625 0.03937499999999999 0.028750000000000053
3 0.3021875 0.5446875 0.06687500000000002 0.03562500000000002
3 0.34562499999999996 0.5803125 0.12625000000000003 0.08687500000000004
3 0.4003125 0.5609375 0.05812499999999998 0.04812499999999997
3 0.445625 0.555625 0.022499999999999964 0.02375000000000005
