3 0.5141600000000001 0.484375 0.7783200000000001 0.716146
3 0.146484 0.200521 0.21484400000000003 0.1875
3 0.2065425 0.279297 0.227539 0.29036399999999996
3 0.395996 0.110026 0.15917999999999993 0.06900999999999999
3 0.5415035 0.1634115 0.20996100000000012 0.134115
3 0.8154295 0.2526045 0.3632810000000001 0.296875
3 0.849121 0.920573 0.29980400000000007 0.15625
3 0.8774415 0.0852865 0.19628900000000005 0.045573
3 0.9423825 0.3066405 0.11328099999999997 0.300781
3 0.9663085 0.108724 0.06542899999999996 0.095052
