4 0.7640625 0.619452 0.453125 0.38149199999999994
4 0.138125 0.4140695 0.09000000000000001 0.121813
4 0.1828125 0.3838525 0.03812499999999999 0.05760100000000001
4 0.3653125 0.3663835 0.03187499999999999 0.030216999999999994
4 0.9378124999999999 0.519358 0.12312500000000004 0.258734
3 0.15687500000000001 0.34466450000000004 0.3 0.030216999999999994
3 0.39156250000000004 0.34560899999999994 0.018125000000000002 0.020774000000000015
3 0.4625 0.3503305 0.013749999999999984 0.018884999999999985
3 0.48750000000000004 0.346553 0.031250000000000056 0.02644000000000002
3 0.5440625 0.3474975 0.028124999999999956 0.028328999999999993
3 0.7021875 0.3559965 0.11937500000000001 0.06232300000000002
3 0.8940625 0.34136 0.020625000000000004 0.025495999999999963
