3 0.4528125 0.5276735 0.655625 0.693245
3 0.0703125 0.2040335 0.140625 0.10225100000000004
3 0.20687499999999998 0.36116349999999997 0.41125 0.38086299999999995
3 0.2790625 0.152908 0.17437500000000003 0.07317
3 0.41218750000000004 0.1805815 0.184375 0.12101300000000002
3 0.6171875 0.150094 0.03562500000000002 0.08630399999999999
3 0.673125 0.1242965 0.03249999999999997 0.03846099999999998
3 0.6909375 0.163696 0.02937499999999993 0.051594
3 0.8153125 0.20591 0.0931249999999999 0.14728000000000002
3 0.950625 0.653846 0.09750000000000003 0.6904320000000002
3 0.9653125 0.22420299999999999 0.06812499999999999 0.19699799999999998
