3 0.6143355 0.8606909999999999 0.32237699999999997 0.25486
5 0.38076899999999997 0.7192225000000001 0.36993 0.434125
3 0.21468500000000001 0.87635 0.381818 0.24514000000000002
3 0.33706250000000004 0.8558315000000001 0.22097900000000006 0.2516189999999999
3 0.763986 0.5653345000000001 0.153146 0.21058300000000002
3 0.838811 0.7008639999999999 0.039859999999999896 0.030238000000000098
3 0.847552 0.728942 0.04195799999999994 0.025917999999999997
3 0.8503495000000001 0.7775380000000001 0.04755300000000007 0.095032
3 0.85979 0.8072355 0.04405599999999987 0.1393089999999999
3 0.8646855 0.664147 0.023077000000000014 0.023757999999999946
3 0.927273 0.8509720000000001 0.13426599999999989 0.22246200000000005
