3 0.0621875 0.5 0.119375 0.09749999999999998
3 0.0653125 0.17812499999999998 0.12312499999999998 0.07125000000000001
3 0.06218750000000001 0.8284374999999999 0.109375 0.07687499999999992
3 0.0690625 0.946875 0.12312499999999998 0.08250000000000002
3 0.07125000000000001 0.3978125 0.125 0.06687500000000002
3 0.0653125 0.72375 0.105625 0.07000000000000006
3 0.0696875 0.0603125 0.108125 0.091875
3 0.06875 0.6215625 0.1025 0.073125
3 0.073125 0.2778125 0.09 0.07687499999999997
3 0.1978125 0.9390625 0.141875 0.10062499999999996
3 0.19375 0.2790625 0.12625000000000003 0.09187500000000001
3 0.19468749999999999 0.9453125 0.128125 0.09187499999999993
3 0.19187500000000002 0.4934375 0.11624999999999999 0.08062499999999995
3 0.1928125 0.7196875 0.11812500000000001 0.08187500000000003
3 0.19343749999999998 0.059375000000000004 0.11937499999999998 0.08375
3 0.1925 0.6171875 0.11125000000000002 0.08187499999999992
3 0.19187500000000002 0.38656250000000003 0.10250000000000001 0.075625
3 0.194375 0.1775 0.10375000000000001 0.08374999999999999
3 0.315625 0.7221875 0.13875 0.08687500000000004
3 0.315 0.5 0.12624999999999997 0.08374999999999999
3 0.315625 0.063125 0.125 0.07
3 0.3115625 0.28250000000000003 0.109375 0.07875000000000001
3 0.31843750000000004 0.39156250000000004 0.12312499999999998 0.085625
3 0.3175 0.941875 0.11124999999999996 0.08499999999999996
3 0.313125 0.833125 0.09875 0.09749999999999992
3 0.3184375 0.6171875 0.109375 0.07562500000000005
3 0.3159375 0.1696875 0.09062500000000001 0.09187500000000001
3 0.445625 0.063125 0.13124999999999998 0.08374999999999999
3 0.4384375 0.2821875 0.114375 0.071875
3 0.44125000000000003 0.9484375 0.11625000000000002 0.08562499999999995
3 0.4378125 0.8290625 0.10562499999999997 0.08187500000000003
3 0.44375 0.3909375 0.11749999999999994 0.073125
3 0.4471875 0.7246874999999999 0.12437500000000001 0.08187500000000003
3 0.4440625 0.17812499999999998 0.11437499999999995 0.08249999999999999
3 0.44125000000000003 0.5071875 0.10249999999999998 0.06687500000000002
3 0.5584374999999999 0.50875 0.114375 0.08375000000000005
3 0.566875 0.9409375 0.11749999999999994 0.08062499999999995
3 0.5606249999999999 0.0578125 0.10249999999999992 0.076875
3 0.5615625 0.2790625 0.104375 0.08562500000000003
3 0.5640625 0.39437500000000003 0.109375 0.08749999999999997
3 0.5675 0.71875 0.11624999999999996 0.08749999999999991
3 0.5659375 0.6146875 0.10562499999999997 0.09437499999999999
3 0.68625 0.2721875 0.10750000000000004 0.09187499999999998
3 0.6871875000000001 0.0628125 0.10562499999999997 0.080625
3 0.69 0.3928125 0.11124999999999996 0.07687500000000003
3 0.688125 0.7178125 0.10375000000000001 0.09562499999999996
3 0.6871875 0.5 0.09937499999999999 0.07
3 0.68875 0.944375 0.10250000000000004 0.08374999999999999
3 0.6896875 0.17562499999999998 0.104375 0.0975
3 0.8109375 0.27875 0.12812500000000004 0.07874999999999999
3 0.81375 0.388125 0.11624999999999996 0.07499999999999996
3 0.81375 0.6146875 0.11624999999999996 0.07687499999999992
3 0.8171875 0.5078125 0.12312500000000004 0.078125
3 0.80875 0.16875 0.10250000000000004 0.0875
3 0.8109375 0.7178125 0.10062499999999996 0.09562499999999996
3 0.811875 0.9478125 0.10250000000000004 0.073125
3 0.9371875000000001 0.280625 0.12437500000000001 0.07875000000000001
3 0.936875 0.7246874999999999 0.11624999999999996 0.08187500000000003
3 0.9390625 0.8359375 0.12062499999999998 0.09187499999999993
3 0.9375 0.6178125 0.11499999999999999 0.07687500000000003
3 0.9365625 0.0603125 0.109375 0.064375
3 0.9340625 0.5028125 0.10062499999999996 0.078125
3 0.9384375 0.3984375 0.10562499999999997 0.08562499999999995
3 0.9403125 0.94625 0.109375 0.08374999999999999
