4 0.4965625 0.44208349999999996 0.931875 0.649167
4 0.2915625 0.0979165 0.17062500000000003 0.119167
4 0.326875 0.02 0.05499999999999999 0.04
4 0.525 0.0416665 0.3025 0.083333
4 0.4028125 0.03875 0.046875 0.0775
4 0.48812500000000003 0.03875 0.08500000000000002 0.074166
4 0.59 0.042917 0.043749999999999956 0.08249999999999999
4 0.6171875 0.0195835 0.020624999999999893 0.039167
4 0.6625 0.0229165 0.028750000000000053 0.045833
4 0.758125 0.13625 0.15625 0.07583400000000001
4 0.8740625 0.05208349999999999 0.06437499999999996 0.089167
4 0.9540625 0.10124999999999999 0.09062500000000007 0.160834
